71999900000
71999900001
71999900002
71999900003
71999900004
71999900005
71999900006
71999900007
71999900008
71999900009
71999900010
71999900011
71999900012
71999900013
71999900014
71999900015
71999900016
71999900017
71999900018
71999900019
71999900020
71999900021
71999900022
71999900023
71999900024
71999900025
71999900026
71999900027
71999900028
71999900029
71999900030
71999900031
71999900032
71999900033
71999900034
71999900035
71999900036
71999900037
71999900038
71999900039
71999900040
71999900041
71999900042
71999900043
71999900044
71999900045
71999900046
71999900047
71999900048
71999900049
