+556381047330
+558994224860
+558994660433
+558388052792
+5587991630828
+5585921690719
+5511974501775
+558187225337
+5581987225337
+556191968036
+558199798325
+5522997017194
+558296602105
+557192064373
+5511952917103
+557999285888
+558187249351
+558592526750
+558193168581
+557193264031
+558695502558
+557194090217
+558796484003
+558194011257
+5521987269562
+5511987391366
+556881015586
+556892921170
+558592331771
+555481194764
+5512997032519
+558293028667
+554399049458
+558291783447
+5511910884133
+559284464052
+556699416373
+559292741891
+559884832340
+556293506911
+559181104126
+556393024300
+556596828947
+559284867365
+5521976383919
+559293762115
+5581997452591
+558199802406
+5581985309884
+5521995716324