+5511981887175
+558195335651
+5511988908469
+555196274570
+5521981339236
+558181844701
+5511961536657
+558897038213
+5521987122989
+557582894560
+5521986575959
+5513996521235
+559184220032
+554196210177
+558591094060
+5574999424451
+5527996374061
+558189378504
+559180910432
+556696701015
+558281915657
+557382056473
+556196241416
+558499738063
+5535997736550
+5511956181722
+5582994281047
+557998905117
+558296536739
+558596367383
+5511999659602
+553192079472
+556292730810
+5522992054094
+5521989650020
+5511943585402
+558596220212
+558594046113
+559491364747
+554497304558
+556193115168
+557988200401
+558893824220
+558188571488
+556381050448
+558294325898
+557499171056
+5521975062592
+558488800404
+553491636802