71999900150
71999900151
71999900152
71999900153
71999900154
71999900155
71999900156
71999900157
71999900158
71999900159
71999900160
71999900161
71999900162
71999900163
71999900164
71999900165
71999900166
71999900167
71999900168
71999900169
71999900170
71999900171
71999900172
71999900173
71999900174
71999900175
71999900176
71999900177
71999900178
71999900179
71999900180
71999900181
71999900182
71999900183
71999900184
71999900185
71999900186
71999900187
71999900188
71999900189
71999900190
71999900191
71999900192
71999900193
71999900194
71999900195
71999900196
71999900197
71999900198
71999900199
