71999900200
71999900201
71999900202
71999900203
71999900204
71999900205
71999900206
71999900207
71999900208
71999900209
71999900210
71999900211
71999900212
71999900213
71999900214
71999900215
71999900216
71999900217
71999900218
71999900219
71999900220
71999900221
71999900222
71999900223
71999900224
71999900225
71999900226
71999900227
71999900228
71999900229
71999900230
71999900231
71999900232
71999900233
71999900234
71999900235
71999900236
71999900237
71999900238
71999900239
71999900240
71999900241
71999900242
71999900243
71999900244
71999900245
71999900246
71999900247
71999900248
71999900249
