71999900250
71999900251
71999900252
71999900253
71999900254
71999900255
71999900256
71999900257
71999900258
71999900259
71999900260
71999900261
71999900262
71999900263
71999900264
71999900265
71999900266
71999900267
71999900268
71999900269
71999900270
71999900271
71999900272
71999900273
71999900274
71999900275
71999900276
71999900277
71999900278
71999900279
71999900280
71999900281
71999900282
71999900283
71999900284
71999900285
71999900286
71999900287
71999900288
71999900289
71999900290
71999900291
71999900292
71999900293
71999900294
71999900295
71999900296
71999900297
71999900298
71999900299
