71999900300
71999900301
71999900302
71999900303
71999900304
71999900305
71999900306
71999900307
71999900308
71999900309
71999900310
71999900311
71999900312
71999900313
71999900314
71999900315
71999900316
71999900317
71999900318
71999900319
71999900320
71999900321
71999900322
71999900323
71999900324
71999900325
71999900326
71999900327
71999900328
71999900329
71999900330
71999900331
71999900332
71999900333
71999900334
71999900335
71999900336
71999900337
71999900338
71999900339
71999900340
71999900341
71999900342
71999900343
71999900344
71999900345
71999900346
71999900347
71999900348
71999900349
