71999900350
71999900351
71999900352
71999900353
71999900354
71999900355
71999900356
71999900357
71999900358
71999900359
71999900360
71999900361
71999900362
71999900363
71999900364
71999900365
71999900366
71999900367
71999900368
71999900369
71999900370
71999900371
71999900372
71999900373
71999900374
71999900375
71999900376
71999900377
71999900378
71999900379
71999900380
71999900381
71999900382
71999900383
71999900384
71999900385
71999900386
71999900387
71999900388
71999900389
71999900390
71999900391
71999900392
71999900393
71999900394
71999900395
71999900396
71999900397
71999900398
71999900399
