71999900400
71999900401
71999900402
71999900403
71999900404
71999900405
71999900406
71999900407
71999900408
71999900409
71999900410
71999900411
71999900412
71999900413
71999900414
71999900415
71999900416
71999900417
71999900418
71999900419
71999900420
71999900421
71999900422
71999900423
71999900424
71999900425
71999900426
71999900427
71999900428
71999900429
71999900430
71999900431
71999900432
71999900433
71999900434
71999900435
71999900436
71999900437
71999900438
71999900439
71999900440
71999900441
71999900442
71999900443
71999900444
71999900445
71999900446
71999900447
71999900448
71999900449
