71999900450
71999900451
71999900452
71999900453
71999900454
71999900455
71999900456
71999900457
71999900458
71999900459
71999900460
71999900461
71999900462
71999900463
71999900464
71999900465
71999900466
71999900467
71999900468
71999900469
71999900470
71999900471
71999900472
71999900473
71999900474
71999900475
71999900476
71999900477
71999900478
71999900479
71999900480
71999900481
71999900482
71999900483
71999900484
71999900485
71999900486
71999900487
71999900488
71999900489
71999900490
71999900491
71999900492
71999900493
71999900494
71999900495
71999900496
71999900497
71999900498
71999900499
