71999900500
71999900501
71999900502
71999900503
71999900504
71999900505
71999900506
71999900507
71999900508
71999900509
71999900510
71999900511
71999900512
71999900513
71999900514
71999900515
71999900516
71999900517
71999900518
71999900519
71999900520
71999900521
71999900522
71999900523
71999900524
71999900525
71999900526
71999900527
71999900528
71999900529
71999900530
71999900531
71999900532
71999900533
71999900534
71999900535
71999900536
71999900537
71999900538
71999900539
71999900540
71999900541
71999900542
71999900543
71999900544
71999900545
71999900546
71999900547
71999900548
71999900549
