71999900550
71999900551
71999900552
71999900553
71999900554
71999900555
71999900556
71999900557
71999900558
71999900559
71999900560
71999900561
71999900562
71999900563
71999900564
71999900565
71999900566
71999900567
71999900568
71999900569
71999900570
71999900571
71999900572
71999900573
71999900574
71999900575
71999900576
71999900577
71999900578
71999900579
71999900580
71999900581
71999900582
71999900583
71999900584
71999900585
71999900586
71999900587
71999900588
71999900589
71999900590
71999900591
71999900592
71999900593
71999900594
71999900595
71999900596
71999900597
71999900598
71999900599
