71999900600
71999900601
71999900602
71999900603
71999900604
71999900605
71999900606
71999900607
71999900608
71999900609
71999900610
71999900611
71999900612
71999900613
71999900614
71999900615
71999900616
71999900617
71999900618
71999900619
71999900620
71999900621
71999900622
71999900623
71999900624
71999900625
71999900626
71999900627
71999900628
71999900629
71999900630
71999900631
71999900632
71999900633
71999900634
71999900635
71999900636
71999900637
71999900638
71999900639
71999900640
71999900641
71999900642
71999900643
71999900644
71999900645
71999900646
71999900647
71999900648
71999900649
