71999900650
71999900651
71999900652
71999900653
71999900654
71999900655
71999900656
71999900657
71999900658
71999900659
71999900660
71999900661
71999900662
71999900663
71999900664
71999900665
71999900666
71999900667
71999900668
71999900669
71999900670
71999900671
71999900672
71999900673
71999900674
71999900675
71999900676
71999900677
71999900678
71999900679
71999900680
71999900681
71999900682
71999900683
71999900684
71999900685
71999900686
71999900687
71999900688
71999900689
71999900690
71999900691
71999900692
71999900693
71999900694
71999900695
71999900696
71999900697
71999900698
71999900699
