71999900700
71999900701
71999900702
71999900703
71999900704
71999900705
71999900706
71999900707
71999900708
71999900709
71999900710
71999900711
71999900712
71999900713
71999900714
71999900715
71999900716
71999900717
71999900718
71999900719
71999900720
71999900721
71999900722
71999900723
71999900724
71999900725
71999900726
71999900727
71999900728
71999900729
71999900730
71999900731
71999900732
71999900733
71999900734
71999900735
71999900736
71999900737
71999900738
71999900739
71999900740
71999900741
71999900742
71999900743
71999900744
71999900745
71999900746
71999900747
71999900748
71999900749
