71999900750
71999900751
71999900752
71999900753
71999900754
71999900755
71999900756
71999900757
71999900758
71999900759
71999900760
71999900761
71999900762
71999900763
71999900764
71999900765
71999900766
71999900767
71999900768
71999900769
71999900770
71999900771
71999900772
71999900773
71999900774
71999900775
71999900776
71999900777
71999900778
71999900779
71999900780
71999900781
71999900782
71999900783
71999900784
71999900785
71999900786
71999900787
71999900788
71999900789
71999900790
71999900791
71999900792
71999900793
71999900794
71999900795
71999900796
71999900797
71999900798
71999900799
