71999900800
71999900801
71999900802
71999900803
71999900804
71999900805
71999900806
71999900807
71999900808
71999900809
71999900810
71999900811
71999900812
71999900813
71999900814
71999900815
71999900816
71999900817
71999900818
71999900819
71999900820
71999900821
71999900822
71999900823
71999900824
71999900825
71999900826
71999900827
71999900828
71999900829
71999900830
71999900831
71999900832
71999900833
71999900834
71999900835
71999900836
71999900837
71999900838
71999900839
71999900840
71999900841
71999900842
71999900843
71999900844
71999900845
71999900846
71999900847
71999900848
71999900849
