71999900850
71999900851
71999900852
71999900853
71999900854
71999900855
71999900856
71999900857
71999900858
71999900859
71999900860
71999900861
71999900862
71999900863
71999900864
71999900865
71999900866
71999900867
71999900868
71999900869
71999900870
71999900871
71999900872
71999900873
71999900874
71999900875
71999900876
71999900877
71999900878
71999900879
71999900880
71999900881
71999900882
71999900883
71999900884
71999900885
71999900886
71999900887
71999900888
71999900889
71999900890
71999900891
71999900892
71999900893
71999900894
71999900895
71999900896
71999900897
71999900898
71999900899
