71999900900
71999900901
71999900902
71999900903
71999900904
71999900905
71999900906
71999900907
71999900908
71999900909
71999900910
71999900911
71999900912
71999900913
71999900914
71999900915
71999900916
71999900917
71999900918
71999900919
71999900920
71999900921
71999900922
71999900923
71999900924
71999900925
71999900926
71999900927
71999900928
71999900929
71999900930
71999900931
71999900932
71999900933
71999900934
71999900935
71999900936
71999900937
71999900938
71999900939
71999900940
71999900941
71999900942
71999900943
71999900944
71999900945
71999900946
71999900947
71999900948
71999900949
