71999900950
71999900951
71999900952
71999900953
71999900954
71999900955
71999900956
71999900957
71999900958
71999900959
71999900960
71999900961
71999900962
71999900963
71999900964
71999900965
71999900966
71999900967
71999900968
71999900969
71999900970
71999900971
71999900972
71999900973
71999900974
71999900975
71999900976
71999900977
71999900978
71999900979
71999900980
71999900981
71999900982
71999900983
71999900984
71999900985
71999900986
71999900987
71999900988
71999900989
71999900990
71999900991
71999900992
71999900993
71999900994
71999900995
71999900996
71999900997
71999900998
71999900999
