71999901000
71999901001
71999901002
71999901003
71999901004
71999901005
71999901006
71999901007
71999901008
71999901009
71999901010
71999901011
71999901012
71999901013
71999901014
71999901015
71999901016
71999901017
71999901018
71999901019
71999901020
71999901021
71999901022
71999901023
71999901024
71999901025
71999901026
71999901027
71999901028
71999901029
71999901030
71999901031
71999901032
71999901033
71999901034
71999901035
71999901036
71999901037
71999901038
71999901039
71999901040
71999901041
71999901042
71999901043
71999901044
71999901045
71999901046
71999901047
71999901048
71999901049
