71999901050
71999901051
71999901052
71999901053
71999901054
71999901055
71999901056
71999901057
71999901058
71999901059
71999901060
71999901061
71999901062
71999901063
71999901064
71999901065
71999901066
71999901067
71999901068
71999901069
71999901070
71999901071
71999901072
71999901073
71999901074
71999901075
71999901076
71999901077
71999901078
71999901079
71999901080
71999901081
71999901082
71999901083
71999901084
71999901085
71999901086
71999901087
71999901088
71999901089
71999901090
71999901091
71999901092
71999901093
71999901094
71999901095
71999901096
71999901097
71999901098
71999901099
