71999901100
71999901101
71999901102
71999901103
71999901104
71999901105
71999901106
71999901107
71999901108
71999901109
71999901110
71999901111
71999901112
71999901113
71999901114
71999901115
71999901116
71999901117
71999901118
71999901119
71999901120
71999901121
71999901122
71999901123
71999901124
71999901125
71999901126
71999901127
71999901128
71999901129
71999901130
71999901131
71999901132
71999901133
71999901134
71999901135
71999901136
71999901137
71999901138
71999901139
71999901140
71999901141
71999901142
71999901143
71999901144
71999901145
71999901146
71999901147
71999901148
71999901149
