71999901150
71999901151
71999901152
71999901153
71999901154
71999901155
71999901156
71999901157
71999901158
71999901159
71999901160
71999901161
71999901162
71999901163
71999901164
71999901165
71999901166
71999901167
71999901168
71999901169
71999901170
71999901171
71999901172
71999901173
71999901174
71999901175
71999901176
71999901177
71999901178
71999901179
71999901180
71999901181
71999901182
71999901183
71999901184
71999901185
71999901186
71999901187
71999901188
71999901189
71999901190
71999901191
71999901192
71999901193
71999901194
71999901195
71999901196
71999901197
71999901198
71999901199
