71999901200
71999901201
71999901202
71999901203
71999901204
71999901205
71999901206
71999901207
71999901208
71999901209
71999901210
71999901211
71999901212
71999901213
71999901214
71999901215
71999901216
71999901217
71999901218
71999901219
71999901220
71999901221
71999901222
71999901223
71999901224
71999901225
71999901226
71999901227
71999901228
71999901229
71999901230
71999901231
71999901232
71999901233
71999901234
71999901235
71999901236
71999901237
71999901238
71999901239
71999901240
71999901241
71999901242
71999901243
71999901244
71999901245
71999901246
71999901247
71999901248
71999901249
