71999901250
71999901251
71999901252
71999901253
71999901254
71999901255
71999901256
71999901257
71999901258
71999901259
71999901260
71999901261
71999901262
71999901263
71999901264
71999901265
71999901266
71999901267
71999901268
71999901269
71999901270
71999901271
71999901272
71999901273
71999901274
71999901275
71999901276
71999901277
71999901278
71999901279
71999901280
71999901281
71999901282
71999901283
71999901284
71999901285
71999901286
71999901287
71999901288
71999901289
71999901290
71999901291
71999901292
71999901293
71999901294
71999901295
71999901296
71999901297
71999901298
71999901299
