71999901300
71999901301
71999901302
71999901303
71999901304
71999901305
71999901306
71999901307
71999901308
71999901309
71999901310
71999901311
71999901312
71999901313
71999901314
71999901315
71999901316
71999901317
71999901318
71999901319
71999901320
71999901321
71999901322
71999901323
71999901324
71999901325
71999901326
71999901327
71999901328
71999901329
71999901330
71999901331
71999901332
71999901333
71999901334
71999901335
71999901336
71999901337
71999901338
71999901339
71999901340
71999901341
71999901342
71999901343
71999901344
71999901345
71999901346
71999901347
71999901348
71999901349
