71999901350
71999901351
71999901352
71999901353
71999901354
71999901355
71999901356
71999901357
71999901358
71999901359
71999901360
71999901361
71999901362
71999901363
71999901364
71999901365
71999901366
71999901367
71999901368
71999901369
71999901370
71999901371
71999901372
71999901373
71999901374
71999901375
71999901376
71999901377
71999901378
71999901379
71999901380
71999901381
71999901382
71999901383
71999901384
71999901385
71999901386
71999901387
71999901388
71999901389
71999901390
71999901391
71999901392
71999901393
71999901394
71999901395
71999901396
71999901397
71999901398
71999901399
