71999901400
71999901401
71999901402
71999901403
71999901404
71999901405
71999901406
71999901407
71999901408
71999901409
71999901410
71999901411
71999901412
71999901413
71999901414
71999901415
71999901416
71999901417
71999901418
71999901419
71999901420
71999901421
71999901422
71999901423
71999901424
71999901425
71999901426
71999901427
71999901428
71999901429
71999901430
71999901431
71999901432
71999901433
71999901434
71999901435
71999901436
71999901437
71999901438
71999901439
71999901440
71999901441
71999901442
71999901443
71999901444
71999901445
71999901446
71999901447
71999901448
71999901449
