71999901450
71999901451
71999901452
71999901453
71999901454
71999901455
71999901456
71999901457
71999901458
71999901459
71999901460
71999901461
71999901462
71999901463
71999901464
71999901465
71999901466
71999901467
71999901468
71999901469
71999901470
71999901471
71999901472
71999901473
71999901474
71999901475
71999901476
71999901477
71999901478
71999901479
71999901480
71999901481
71999901482
71999901483
71999901484
71999901485
71999901486
71999901487
71999901488
71999901489
71999901490
71999901491
71999901492
71999901493
71999901494
71999901495
71999901496
71999901497
71999901498
71999901499
