71999901500
71999901501
71999901502
71999901503
71999901504
71999901505
71999901506
71999901507
71999901508
71999901509
71999901510
71999901511
71999901512
71999901513
71999901514
71999901515
71999901516
71999901517
71999901518
71999901519
71999901520
71999901521
71999901522
71999901523
71999901524
71999901525
71999901526
71999901527
71999901528
71999901529
71999901530
71999901531
71999901532
71999901533
71999901534
71999901535
71999901536
71999901537
71999901538
71999901539
71999901540
71999901541
71999901542
71999901543
71999901544
71999901545
71999901546
71999901547
71999901548
71999901549
