71999901550
71999901551
71999901552
71999901553
71999901554
71999901555
71999901556
71999901557
71999901558
71999901559
71999901560
71999901561
71999901562
71999901563
71999901564
71999901565
71999901566
71999901567
71999901568
71999901569
71999901570
71999901571
71999901572
71999901573
71999901574
71999901575
71999901576
71999901577
71999901578
71999901579
71999901580
71999901581
71999901582
71999901583
71999901584
71999901585
71999901586
71999901587
71999901588
71999901589
71999901590
71999901591
71999901592
71999901593
71999901594
71999901595
71999901596
71999901597
71999901598
71999901599
