71999901600
71999901601
71999901602
71999901603
71999901604
71999901605
71999901606
71999901607
71999901608
71999901609
71999901610
71999901611
71999901612
71999901613
71999901614
71999901615
71999901616
71999901617
71999901618
71999901619
71999901620
71999901621
71999901622
71999901623
71999901624
71999901625
71999901626
71999901627
71999901628
71999901629
71999901630
71999901631
71999901632
71999901633
71999901634
71999901635
71999901636
71999901637
71999901638
71999901639
71999901640
71999901641
71999901642
71999901643
71999901644
71999901645
71999901646
71999901647
71999901648
71999901649
