71999901650
71999901651
71999901652
71999901653
71999901654
71999901655
71999901656
71999901657
71999901658
71999901659
71999901660
71999901661
71999901662
71999901663
71999901664
71999901665
71999901666
71999901667
71999901668
71999901669
71999901670
71999901671
71999901672
71999901673
71999901674
71999901675
71999901676
71999901677
71999901678
71999901679
71999901680
71999901681
71999901682
71999901683
71999901684
71999901685
71999901686
71999901687
71999901688
71999901689
71999901690
71999901691
71999901692
71999901693
71999901694
71999901695
71999901696
71999901697
71999901698
71999901699
