71999901700
71999901701
71999901702
71999901703
71999901704
71999901705
71999901706
71999901707
71999901708
71999901709
71999901710
71999901711
71999901712
71999901713
71999901714
71999901715
71999901716
71999901717
71999901718
71999901719
71999901720
71999901721
71999901722
71999901723
71999901724
71999901725
71999901726
71999901727
71999901728
71999901729
71999901730
71999901731
71999901732
71999901733
71999901734
71999901735
71999901736
71999901737
71999901738
71999901739
71999901740
71999901741
71999901742
71999901743
71999901744
71999901745
71999901746
71999901747
71999901748
71999901749
