71999901750
71999901751
71999901752
71999901753
71999901754
71999901755
71999901756
71999901757
71999901758
71999901759
71999901760
71999901761
71999901762
71999901763
71999901764
71999901765
71999901766
71999901767
71999901768
71999901769
71999901770
71999901771
71999901772
71999901773
71999901774
71999901775
71999901776
71999901777
71999901778
71999901779
71999901780
71999901781
71999901782
71999901783
71999901784
71999901785
71999901786
71999901787
71999901788
71999901789
71999901790
71999901791
71999901792
71999901793
71999901794
71999901795
71999901796
71999901797
71999901798
71999901799
