71999901800
71999901801
71999901802
71999901803
71999901804
71999901805
71999901806
71999901807
71999901808
71999901809
71999901810
71999901811
71999901812
71999901813
71999901814
71999901815
71999901816
71999901817
71999901818
71999901819
71999901820
71999901821
71999901822
71999901823
71999901824
71999901825
71999901826
71999901827
71999901828
71999901829
71999901830
71999901831
71999901832
71999901833
71999901834
71999901835
71999901836
71999901837
71999901838
71999901839
71999901840
71999901841
71999901842
71999901843
71999901844
71999901845
71999901846
71999901847
71999901848
71999901849
