71999901850
71999901851
71999901852
71999901853
71999901854
71999901855
71999901856
71999901857
71999901858
71999901859
71999901860
71999901861
71999901862
71999901863
71999901864
71999901865
71999901866
71999901867
71999901868
71999901869
71999901870
71999901871
71999901872
71999901873
71999901874
71999901875
71999901876
71999901877
71999901878
71999901879
71999901880
71999901881
71999901882
71999901883
71999901884
71999901885
71999901886
71999901887
71999901888
71999901889
71999901890
71999901891
71999901892
71999901893
71999901894
71999901895
71999901896
71999901897
71999901898
71999901899
