71999901900
71999901901
71999901902
71999901903
71999901904
71999901905
71999901906
71999901907
71999901908
71999901909
71999901910
71999901911
71999901912
71999901913
71999901914
71999901915
71999901916
71999901917
71999901918
71999901919
71999901920
71999901921
71999901922
71999901923
71999901924
71999901925
71999901926
71999901927
71999901928
71999901929
71999901930
71999901931
71999901932
71999901933
71999901934
71999901935
71999901936
71999901937
71999901938
71999901939
71999901940
71999901941
71999901942
71999901943
71999901944
71999901945
71999901946
71999901947
71999901948
71999901949
