71999901950
71999901951
71999901952
71999901953
71999901954
71999901955
71999901956
71999901957
71999901958
71999901959
71999901960
71999901961
71999901962
71999901963
71999901964
71999901965
71999901966
71999901967
71999901968
71999901969
71999901970
71999901971
71999901972
71999901973
71999901974
71999901975
71999901976
71999901977
71999901978
71999901979
71999901980
71999901981
71999901982
71999901983
71999901984
71999901985
71999901986
71999901987
71999901988
71999901989
71999901990
71999901991
71999901992
71999901993
71999901994
71999901995
71999901996
71999901997
71999901998
71999901999
