71999902000
71999902001
71999902002
71999902003
71999902004
71999902005
71999902006
71999902007
71999902008
71999902009
71999902010
71999902011
71999902012
71999902013
71999902014
71999902015
71999902016
71999902017
71999902018
71999902019
71999902020
71999902021
71999902022
71999902023
71999902024
71999902025
71999902026
71999902027
71999902028
71999902029
71999902030
71999902031
71999902032
71999902033
71999902034
71999902035
71999902036
71999902037
71999902038
71999902039
71999902040
71999902041
71999902042
71999902043
71999902044
71999902045
71999902046
71999902047
71999902048
71999902049
