71999902050
71999902051
71999902052
71999902053
71999902054
71999902055
71999902056
71999902057
71999902058
71999902059
71999902060
71999902061
71999902062
71999902063
71999902064
71999902065
71999902066
71999902067
71999902068
71999902069
71999902070
71999902071
71999902072
71999902073
71999902074
71999902075
71999902076
71999902077
71999902078
71999902079
71999902080
71999902081
71999902082
71999902083
71999902084
71999902085
71999902086
71999902087
71999902088
71999902089
71999902090
71999902091
71999902092
71999902093
71999902094
71999902095
71999902096
71999902097
71999902098
71999902099
