71999902100
71999902101
71999902102
71999902103
71999902104
71999902105
71999902106
71999902107
71999902108
71999902109
71999902110
71999902111
71999902112
71999902113
71999902114
71999902115
71999902116
71999902117
71999902118
71999902119
71999902120
71999902121
71999902122
71999902123
71999902124
71999902125
71999902126
71999902127
71999902128
71999902129
71999902130
71999902131
71999902132
71999902133
71999902134
71999902135
71999902136
71999902137
71999902138
71999902139
71999902140
71999902141
71999902142
71999902143
71999902144
71999902145
71999902146
71999902147
71999902148
71999902149
