71999902150
71999902151
71999902152
71999902153
71999902154
71999902155
71999902156
71999902157
71999902158
71999902159
71999902160
71999902161
71999902162
71999902163
71999902164
71999902165
71999902166
71999902167
71999902168
71999902169
71999902170
71999902171
71999902172
71999902173
71999902174
71999902175
71999902176
71999902177
71999902178
71999902179
71999902180
71999902181
71999902182
71999902183
71999902184
71999902185
71999902186
71999902187
71999902188
71999902189
71999902190
71999902191
71999902192
71999902193
71999902194
71999902195
71999902196
71999902197
71999902198
71999902199
