71999902200
71999902201
71999902202
71999902203
71999902204
71999902205
71999902206
71999902207
71999902208
71999902209
71999902210
71999902211
71999902212
71999902213
71999902214
71999902215
71999902216
71999902217
71999902218
71999902219
71999902220
71999902221
71999902222
71999902223
71999902224
71999902225
71999902226
71999902227
71999902228
71999902229
71999902230
71999902231
71999902232
71999902233
71999902234
71999902235
71999902236
71999902237
71999902238
71999902239
71999902240
71999902241
71999902242
71999902243
71999902244
71999902245
71999902246
71999902247
71999902248
71999902249
