71999902250
71999902251
71999902252
71999902253
71999902254
71999902255
71999902256
71999902257
71999902258
71999902259
71999902260
71999902261
71999902262
71999902263
71999902264
71999902265
71999902266
71999902267
71999902268
71999902269
71999902270
71999902271
71999902272
71999902273
71999902274
71999902275
71999902276
71999902277
71999902278
71999902279
71999902280
71999902281
71999902282
71999902283
71999902284
71999902285
71999902286
71999902287
71999902288
71999902289
71999902290
71999902291
71999902292
71999902293
71999902294
71999902295
71999902296
71999902297
71999902298
71999902299
