71999902300
71999902301
71999902302
71999902303
71999902304
71999902305
71999902306
71999902307
71999902308
71999902309
71999902310
71999902311
71999902312
71999902313
71999902314
71999902315
71999902316
71999902317
71999902318
71999902319
71999902320
71999902321
71999902322
71999902323
71999902324
71999902325
71999902326
71999902327
71999902328
71999902329
71999902330
71999902331
71999902332
71999902333
71999902334
71999902335
71999902336
71999902337
71999902338
71999902339
71999902340
71999902341
71999902342
71999902343
71999902344
71999902345
71999902346
71999902347
71999902348
71999902349
