71999902350
71999902351
71999902352
71999902353
71999902354
71999902355
71999902356
71999902357
71999902358
71999902359
71999902360
71999902361
71999902362
71999902363
71999902364
71999902365
71999902366
71999902367
71999902368
71999902369
71999902370
71999902371
71999902372
71999902373
71999902374
71999902375
71999902376
71999902377
71999902378
71999902379
71999902380
71999902381
71999902382
71999902383
71999902384
71999902385
71999902386
71999902387
71999902388
71999902389
71999902390
71999902391
71999902392
71999902393
71999902394
71999902395
71999902396
71999902397
71999902398
71999902399
