71999902400
71999902401
71999902402
71999902403
71999902404
71999902405
71999902406
71999902407
71999902408
71999902409
71999902410
71999902411
71999902412
71999902413
71999902414
71999902415
71999902416
71999902417
71999902418
71999902419
71999902420
71999902421
71999902422
71999902423
71999902424
71999902425
71999902426
71999902427
71999902428
71999902429
71999902430
71999902431
71999902432
71999902433
71999902434
71999902435
71999902436
71999902437
71999902438
71999902439
71999902440
71999902441
71999902442
71999902443
71999902444
71999902445
71999902446
71999902447
71999902448
71999902449
