71999902450
71999902451
71999902452
71999902453
71999902454
71999902455
71999902456
71999902457
71999902458
71999902459
71999902460
71999902461
71999902462
71999902463
71999902464
71999902465
71999902466
71999902467
71999902468
71999902469
71999902470
71999902471
71999902472
71999902473
71999902474
71999902475
71999902476
71999902477
71999902478
71999902479
71999902480
71999902481
71999902482
71999902483
71999902484
71999902485
71999902486
71999902487
71999902488
71999902489
71999902490
71999902491
71999902492
71999902493
71999902494
71999902495
71999902496
71999902497
71999902498
71999902499
