71999902500
71999902501
71999902502
71999902503
71999902504
71999902505
71999902506
71999902507
71999902508
71999902509
71999902510
71999902511
71999902512
71999902513
71999902514
71999902515
71999902516
71999902517
71999902518
71999902519
71999902520
71999902521
71999902522
71999902523
71999902524
71999902525
71999902526
71999902527
71999902528
71999902529
71999902530
71999902531
71999902532
71999902533
71999902534
71999902535
71999902536
71999902537
71999902538
71999902539
71999902540
71999902541
71999902542
71999902543
71999902544
71999902545
71999902546
71999902547
71999902548
71999902549
