71999902550
71999902551
71999902552
71999902553
71999902554
71999902555
71999902556
71999902557
71999902558
71999902559
71999902560
71999902561
71999902562
71999902563
71999902564
71999902565
71999902566
71999902567
71999902568
71999902569
71999902570
71999902571
71999902572
71999902573
71999902574
71999902575
71999902576
71999902577
71999902578
71999902579
71999902580
71999902581
71999902582
71999902583
71999902584
71999902585
71999902586
71999902587
71999902588
71999902589
71999902590
71999902591
71999902592
71999902593
71999902594
71999902595
71999902596
71999902597
71999902598
71999902599
