71999902600
71999902601
71999902602
71999902603
71999902604
71999902605
71999902606
71999902607
71999902608
71999902609
71999902610
71999902611
71999902612
71999902613
71999902614
71999902615
71999902616
71999902617
71999902618
71999902619
71999902620
71999902621
71999902622
71999902623
71999902624
71999902625
71999902626
71999902627
71999902628
71999902629
71999902630
71999902631
71999902632
71999902633
71999902634
71999902635
71999902636
71999902637
71999902638
71999902639
71999902640
71999902641
71999902642
71999902643
71999902644
71999902645
71999902646
71999902647
71999902648
71999902649
