71999902650
71999902651
71999902652
71999902653
71999902654
71999902655
71999902656
71999902657
71999902658
71999902659
71999902660
71999902661
71999902662
71999902663
71999902664
71999902665
71999902666
71999902667
71999902668
71999902669
71999902670
71999902671
71999902672
71999902673
71999902674
71999902675
71999902676
71999902677
71999902678
71999902679
71999902680
71999902681
71999902682
71999902683
71999902684
71999902685
71999902686
71999902687
71999902688
71999902689
71999902690
71999902691
71999902692
71999902693
71999902694
71999902695
71999902696
71999902697
71999902698
71999902699
