71999902700
71999902701
71999902702
71999902703
71999902704
71999902705
71999902706
71999902707
71999902708
71999902709
71999902710
71999902711
71999902712
71999902713
71999902714
71999902715
71999902716
71999902717
71999902718
71999902719
71999902720
71999902721
71999902722
71999902723
71999902724
71999902725
71999902726
71999902727
71999902728
71999902729
71999902730
71999902731
71999902732
71999902733
71999902734
71999902735
71999902736
71999902737
71999902738
71999902739
71999902740
71999902741
71999902742
71999902743
71999902744
71999902745
71999902746
71999902747
71999902748
71999902749
