71999902750
71999902751
71999902752
71999902753
71999902754
71999902755
71999902756
71999902757
71999902758
71999902759
71999902760
71999902761
71999902762
71999902763
71999902764
71999902765
71999902766
71999902767
71999902768
71999902769
71999902770
71999902771
71999902772
71999902773
71999902774
71999902775
71999902776
71999902777
71999902778
71999902779
71999902780
71999902781
71999902782
71999902783
71999902784
71999902785
71999902786
71999902787
71999902788
71999902789
71999902790
71999902791
71999902792
71999902793
71999902794
71999902795
71999902796
71999902797
71999902798
71999902799
