71999902800
71999902801
71999902802
71999902803
71999902804
71999902805
71999902806
71999902807
71999902808
71999902809
71999902810
71999902811
71999902812
71999902813
71999902814
71999902815
71999902816
71999902817
71999902818
71999902819
71999902820
71999902821
71999902822
71999902823
71999902824
71999902825
71999902826
71999902827
71999902828
71999902829
71999902830
71999902831
71999902832
71999902833
71999902834
71999902835
71999902836
71999902837
71999902838
71999902839
71999902840
71999902841
71999902842
71999902843
71999902844
71999902845
71999902846
71999902847
71999902848
71999902849
