71999902850
71999902851
71999902852
71999902853
71999902854
71999902855
71999902856
71999902857
71999902858
71999902859
71999902860
71999902861
71999902862
71999902863
71999902864
71999902865
71999902866
71999902867
71999902868
71999902869
71999902870
71999902871
71999902872
71999902873
71999902874
71999902875
71999902876
71999902877
71999902878
71999902879
71999902880
71999902881
71999902882
71999902883
71999902884
71999902885
71999902886
71999902887
71999902888
71999902889
71999902890
71999902891
71999902892
71999902893
71999902894
71999902895
71999902896
71999902897
71999902898
71999902899
