71999902900
71999902901
71999902902
71999902903
71999902904
71999902905
71999902906
71999902907
71999902908
71999902909
71999902910
71999902911
71999902912
71999902913
71999902914
71999902915
71999902916
71999902917
71999902918
71999902919
71999902920
71999902921
71999902922
71999902923
71999902924
71999902925
71999902926
71999902927
71999902928
71999902929
71999902930
71999902931
71999902932
71999902933
71999902934
71999902935
71999902936
71999902937
71999902938
71999902939
71999902940
71999902941
71999902942
71999902943
71999902944
71999902945
71999902946
71999902947
71999902948
71999902949
