71999902950
71999902951
71999902952
71999902953
71999902954
71999902955
71999902956
71999902957
71999902958
71999902959
71999902960
71999902961
71999902962
71999902963
71999902964
71999902965
71999902966
71999902967
71999902968
71999902969
71999902970
71999902971
71999902972
71999902973
71999902974
71999902975
71999902976
71999902977
71999902978
71999902979
71999902980
71999902981
71999902982
71999902983
71999902984
71999902985
71999902986
71999902987
71999902988
71999902989
71999902990
71999902991
71999902992
71999902993
71999902994
71999902995
71999902996
71999902997
71999902998
71999902999
