71999903000
71999903001
71999903002
71999903003
71999903004
71999903005
71999903006
71999903007
71999903008
71999903009
71999903010
71999903011
71999903012
71999903013
71999903014
71999903015
71999903016
71999903017
71999903018
71999903019
71999903020
71999903021
71999903022
71999903023
71999903024
71999903025
71999903026
71999903027
71999903028
71999903029
71999903030
71999903031
71999903032
71999903033
71999903034
71999903035
71999903036
71999903037
71999903038
71999903039
71999903040
71999903041
71999903042
71999903043
71999903044
71999903045
71999903046
71999903047
71999903048
71999903049
