71999903050
71999903051
71999903052
71999903053
71999903054
71999903055
71999903056
71999903057
71999903058
71999903059
71999903060
71999903061
71999903062
71999903063
71999903064
71999903065
71999903066
71999903067
71999903068
71999903069
71999903070
71999903071
71999903072
71999903073
71999903074
71999903075
71999903076
71999903077
71999903078
71999903079
71999903080
71999903081
71999903082
71999903083
71999903084
71999903085
71999903086
71999903087
71999903088
71999903089
71999903090
71999903091
71999903092
71999903093
71999903094
71999903095
71999903096
71999903097
71999903098
71999903099
