71999903100
71999903101
71999903102
71999903103
71999903104
71999903105
71999903106
71999903107
71999903108
71999903109
71999903110
71999903111
71999903112
71999903113
71999903114
71999903115
71999903116
71999903117
71999903118
71999903119
71999903120
71999903121
71999903122
71999903123
71999903124
71999903125
71999903126
71999903127
71999903128
71999903129
71999903130
71999903131
71999903132
71999903133
71999903134
71999903135
71999903136
71999903137
71999903138
71999903139
71999903140
71999903141
71999903142
71999903143
71999903144
71999903145
71999903146
71999903147
71999903148
71999903149
