71999903150
71999903151
71999903152
71999903153
71999903154
71999903155
71999903156
71999903157
71999903158
71999903159
71999903160
71999903161
71999903162
71999903163
71999903164
71999903165
71999903166
71999903167
71999903168
71999903169
71999903170
71999903171
71999903172
71999903173
71999903174
71999903175
71999903176
71999903177
71999903178
71999903179
71999903180
71999903181
71999903182
71999903183
71999903184
71999903185
71999903186
71999903187
71999903188
71999903189
71999903190
71999903191
71999903192
71999903193
71999903194
71999903195
71999903196
71999903197
71999903198
71999903199
