71999903200
71999903201
71999903202
71999903203
71999903204
71999903205
71999903206
71999903207
71999903208
71999903209
71999903210
71999903211
71999903212
71999903213
71999903214
71999903215
71999903216
71999903217
71999903218
71999903219
71999903220
71999903221
71999903222
71999903223
71999903224
71999903225
71999903226
71999903227
71999903228
71999903229
71999903230
71999903231
71999903232
71999903233
71999903234
71999903235
71999903236
71999903237
71999903238
71999903239
71999903240
71999903241
71999903242
71999903243
71999903244
71999903245
71999903246
71999903247
71999903248
71999903249
