71999903250
71999903251
71999903252
71999903253
71999903254
71999903255
71999903256
71999903257
71999903258
71999903259
71999903260
71999903261
71999903262
71999903263
71999903264
71999903265
71999903266
71999903267
71999903268
71999903269
71999903270
71999903271
71999903272
71999903273
71999903274
71999903275
71999903276
71999903277
71999903278
71999903279
71999903280
71999903281
71999903282
71999903283
71999903284
71999903285
71999903286
71999903287
71999903288
71999903289
71999903290
71999903291
71999903292
71999903293
71999903294
71999903295
71999903296
71999903297
71999903298
71999903299
