71999903300
71999903301
71999903302
71999903303
71999903304
71999903305
71999903306
71999903307
71999903308
71999903309
71999903310
71999903311
71999903312
71999903313
71999903314
71999903315
71999903316
71999903317
71999903318
71999903319
71999903320
71999903321
71999903322
71999903323
71999903324
71999903325
71999903326
71999903327
71999903328
71999903329
71999903330
71999903331
71999903332
71999903333
71999903334
71999903335
71999903336
71999903337
71999903338
71999903339
71999903340
71999903341
71999903342
71999903343
71999903344
71999903345
71999903346
71999903347
71999903348
71999903349
