71999903350
71999903351
71999903352
71999903353
71999903354
71999903355
71999903356
71999903357
71999903358
71999903359
71999903360
71999903361
71999903362
71999903363
71999903364
71999903365
71999903366
71999903367
71999903368
71999903369
71999903370
71999903371
71999903372
71999903373
71999903374
71999903375
71999903376
71999903377
71999903378
71999903379
71999903380
71999903381
71999903382
71999903383
71999903384
71999903385
71999903386
71999903387
71999903388
71999903389
71999903390
71999903391
71999903392
71999903393
71999903394
71999903395
71999903396
71999903397
71999903398
71999903399
