71999903400
71999903401
71999903402
71999903403
71999903404
71999903405
71999903406
71999903407
71999903408
71999903409
71999903410
71999903411
71999903412
71999903413
71999903414
71999903415
71999903416
71999903417
71999903418
71999903419
71999903420
71999903421
71999903422
71999903423
71999903424
71999903425
71999903426
71999903427
71999903428
71999903429
71999903430
71999903431
71999903432
71999903433
71999903434
71999903435
71999903436
71999903437
71999903438
71999903439
71999903440
71999903441
71999903442
71999903443
71999903444
71999903445
71999903446
71999903447
71999903448
71999903449
