71999903450
71999903451
71999903452
71999903453
71999903454
71999903455
71999903456
71999903457
71999903458
71999903459
71999903460
71999903461
71999903462
71999903463
71999903464
71999903465
71999903466
71999903467
71999903468
71999903469
71999903470
71999903471
71999903472
71999903473
71999903474
71999903475
71999903476
71999903477
71999903478
71999903479
71999903480
71999903481
71999903482
71999903483
71999903484
71999903485
71999903486
71999903487
71999903488
71999903489
71999903490
71999903491
71999903492
71999903493
71999903494
71999903495
71999903496
71999903497
71999903498
71999903499
