71999903500
71999903501
71999903502
71999903503
71999903504
71999903505
71999903506
71999903507
71999903508
71999903509
71999903510
71999903511
71999903512
71999903513
71999903514
71999903515
71999903516
71999903517
71999903518
71999903519
71999903520
71999903521
71999903522
71999903523
71999903524
71999903525
71999903526
71999903527
71999903528
71999903529
71999903530
71999903531
71999903532
71999903533
71999903534
71999903535
71999903536
71999903537
71999903538
71999903539
71999903540
71999903541
71999903542
71999903543
71999903544
71999903545
71999903546
71999903547
71999903548
71999903549
