71999903550
71999903551
71999903552
71999903553
71999903554
71999903555
71999903556
71999903557
71999903558
71999903559
71999903560
71999903561
71999903562
71999903563
71999903564
71999903565
71999903566
71999903567
71999903568
71999903569
71999903570
71999903571
71999903572
71999903573
71999903574
71999903575
71999903576
71999903577
71999903578
71999903579
71999903580
71999903581
71999903582
71999903583
71999903584
71999903585
71999903586
71999903587
71999903588
71999903589
71999903590
71999903591
71999903592
71999903593
71999903594
71999903595
71999903596
71999903597
71999903598
71999903599
