71999903600
71999903601
71999903602
71999903603
71999903604
71999903605
71999903606
71999903607
71999903608
71999903609
71999903610
71999903611
71999903612
71999903613
71999903614
71999903615
71999903616
71999903617
71999903618
71999903619
71999903620
71999903621
71999903622
71999903623
71999903624
71999903625
71999903626
71999903627
71999903628
71999903629
71999903630
71999903631
71999903632
71999903633
71999903634
71999903635
71999903636
71999903637
71999903638
71999903639
71999903640
71999903641
71999903642
71999903643
71999903644
71999903645
71999903646
71999903647
71999903648
71999903649
