71999903650
71999903651
71999903652
71999903653
71999903654
71999903655
71999903656
71999903657
71999903658
71999903659
71999903660
71999903661
71999903662
71999903663
71999903664
71999903665
71999903666
71999903667
71999903668
71999903669
71999903670
71999903671
71999903672
71999903673
71999903674
71999903675
71999903676
71999903677
71999903678
71999903679
71999903680
71999903681
71999903682
71999903683
71999903684
71999903685
71999903686
71999903687
71999903688
71999903689
71999903690
71999903691
71999903692
71999903693
71999903694
71999903695
71999903696
71999903697
71999903698
71999903699
