71999903700
71999903701
71999903702
71999903703
71999903704
71999903705
71999903706
71999903707
71999903708
71999903709
71999903710
71999903711
71999903712
71999903713
71999903714
71999903715
71999903716
71999903717
71999903718
71999903719
71999903720
71999903721
71999903722
71999903723
71999903724
71999903725
71999903726
71999903727
71999903728
71999903729
71999903730
71999903731
71999903732
71999903733
71999903734
71999903735
71999903736
71999903737
71999903738
71999903739
71999903740
71999903741
71999903742
71999903743
71999903744
71999903745
71999903746
71999903747
71999903748
71999903749
