71999903750
71999903751
71999903752
71999903753
71999903754
71999903755
71999903756
71999903757
71999903758
71999903759
71999903760
71999903761
71999903762
71999903763
71999903764
71999903765
71999903766
71999903767
71999903768
71999903769
71999903770
71999903771
71999903772
71999903773
71999903774
71999903775
71999903776
71999903777
71999903778
71999903779
71999903780
71999903781
71999903782
71999903783
71999903784
71999903785
71999903786
71999903787
71999903788
71999903789
71999903790
71999903791
71999903792
71999903793
71999903794
71999903795
71999903796
71999903797
71999903798
71999903799
