71999903800
71999903801
71999903802
71999903803
71999903804
71999903805
71999903806
71999903807
71999903808
71999903809
71999903810
71999903811
71999903812
71999903813
71999903814
71999903815
71999903816
71999903817
71999903818
71999903819
71999903820
71999903821
71999903822
71999903823
71999903824
71999903825
71999903826
71999903827
71999903828
71999903829
71999903830
71999903831
71999903832
71999903833
71999903834
71999903835
71999903836
71999903837
71999903838
71999903839
71999903840
71999903841
71999903842
71999903843
71999903844
71999903845
71999903846
71999903847
71999903848
71999903849
