71999903850
71999903851
71999903852
71999903853
71999903854
71999903855
71999903856
71999903857
71999903858
71999903859
71999903860
71999903861
71999903862
71999903863
71999903864
71999903865
71999903866
71999903867
71999903868
71999903869
71999903870
71999903871
71999903872
71999903873
71999903874
71999903875
71999903876
71999903877
71999903878
71999903879
71999903880
71999903881
71999903882
71999903883
71999903884
71999903885
71999903886
71999903887
71999903888
71999903889
71999903890
71999903891
71999903892
71999903893
71999903894
71999903895
71999903896
71999903897
71999903898
71999903899
