71999903900
71999903901
71999903902
71999903903
71999903904
71999903905
71999903906
71999903907
71999903908
71999903909
71999903910
71999903911
71999903912
71999903913
71999903914
71999903915
71999903916
71999903917
71999903918
71999903919
71999903920
71999903921
71999903922
71999903923
71999903924
71999903925
71999903926
71999903927
71999903928
71999903929
71999903930
71999903931
71999903932
71999903933
71999903934
71999903935
71999903936
71999903937
71999903938
71999903939
71999903940
71999903941
71999903942
71999903943
71999903944
71999903945
71999903946
71999903947
71999903948
71999903949
