71999903950
71999903951
71999903952
71999903953
71999903954
71999903955
71999903956
71999903957
71999903958
71999903959
71999903960
71999903961
71999903962
71999903963
71999903964
71999903965
71999903966
71999903967
71999903968
71999903969
71999903970
71999903971
71999903972
71999903973
71999903974
71999903975
71999903976
71999903977
71999903978
71999903979
71999903980
71999903981
71999903982
71999903983
71999903984
71999903985
71999903986
71999903987
71999903988
71999903989
71999903990
71999903991
71999903992
71999903993
71999903994
71999903995
71999903996
71999903997
71999903998
71999903999
