71999904000
71999904001
71999904002
71999904003
71999904004
71999904005
71999904006
71999904007
71999904008
71999904009
71999904010
71999904011
71999904012
71999904013
71999904014
71999904015
71999904016
71999904017
71999904018
71999904019
71999904020
71999904021
71999904022
71999904023
71999904024
71999904025
71999904026
71999904027
71999904028
71999904029
71999904030
71999904031
71999904032
71999904033
71999904034
71999904035
71999904036
71999904037
71999904038
71999904039
71999904040
71999904041
71999904042
71999904043
71999904044
71999904045
71999904046
71999904047
71999904048
71999904049
