71999904050
71999904051
71999904052
71999904053
71999904054
71999904055
71999904056
71999904057
71999904058
71999904059
71999904060
71999904061
71999904062
71999904063
71999904064
71999904065
71999904066
71999904067
71999904068
71999904069
71999904070
71999904071
71999904072
71999904073
71999904074
71999904075
71999904076
71999904077
71999904078
71999904079
71999904080
71999904081
71999904082
71999904083
71999904084
71999904085
71999904086
71999904087
71999904088
71999904089
71999904090
71999904091
71999904092
71999904093
71999904094
71999904095
71999904096
71999904097
71999904098
71999904099
