71999904100
71999904101
71999904102
71999904103
71999904104
71999904105
71999904106
71999904107
71999904108
71999904109
71999904110
71999904111
71999904112
71999904113
71999904114
71999904115
71999904116
71999904117
71999904118
71999904119
71999904120
71999904121
71999904122
71999904123
71999904124
71999904125
71999904126
71999904127
71999904128
71999904129
71999904130
71999904131
71999904132
71999904133
71999904134
71999904135
71999904136
71999904137
71999904138
71999904139
71999904140
71999904141
71999904142
71999904143
71999904144
71999904145
71999904146
71999904147
71999904148
71999904149
