71999904150
71999904151
71999904152
71999904153
71999904154
71999904155
71999904156
71999904157
71999904158
71999904159
71999904160
71999904161
71999904162
71999904163
71999904164
71999904165
71999904166
71999904167
71999904168
71999904169
71999904170
71999904171
71999904172
71999904173
71999904174
71999904175
71999904176
71999904177
71999904178
71999904179
71999904180
71999904181
71999904182
71999904183
71999904184
71999904185
71999904186
71999904187
71999904188
71999904189
71999904190
71999904191
71999904192
71999904193
71999904194
71999904195
71999904196
71999904197
71999904198
71999904199
