71999904200
71999904201
71999904202
71999904203
71999904204
71999904205
71999904206
71999904207
71999904208
71999904209
71999904210
71999904211
71999904212
71999904213
71999904214
71999904215
71999904216
71999904217
71999904218
71999904219
71999904220
71999904221
71999904222
71999904223
71999904224
71999904225
71999904226
71999904227
71999904228
71999904229
71999904230
71999904231
71999904232
71999904233
71999904234
71999904235
71999904236
71999904237
71999904238
71999904239
71999904240
71999904241
71999904242
71999904243
71999904244
71999904245
71999904246
71999904247
71999904248
71999904249
