71999904250
71999904251
71999904252
71999904253
71999904254
71999904255
71999904256
71999904257
71999904258
71999904259
71999904260
71999904261
71999904262
71999904263
71999904264
71999904265
71999904266
71999904267
71999904268
71999904269
71999904270
71999904271
71999904272
71999904273
71999904274
71999904275
71999904276
71999904277
71999904278
71999904279
71999904280
71999904281
71999904282
71999904283
71999904284
71999904285
71999904286
71999904287
71999904288
71999904289
71999904290
71999904291
71999904292
71999904293
71999904294
71999904295
71999904296
71999904297
71999904298
71999904299
