71999904300
71999904301
71999904302
71999904303
71999904304
71999904305
71999904306
71999904307
71999904308
71999904309
71999904310
71999904311
71999904312
71999904313
71999904314
71999904315
71999904316
71999904317
71999904318
71999904319
71999904320
71999904321
71999904322
71999904323
71999904324
71999904325
71999904326
71999904327
71999904328
71999904329
71999904330
71999904331
71999904332
71999904333
71999904334
71999904335
71999904336
71999904337
71999904338
71999904339
71999904340
71999904341
71999904342
71999904343
71999904344
71999904345
71999904346
71999904347
71999904348
71999904349
