71999904350
71999904351
71999904352
71999904353
71999904354
71999904355
71999904356
71999904357
71999904358
71999904359
71999904360
71999904361
71999904362
71999904363
71999904364
71999904365
71999904366
71999904367
71999904368
71999904369
71999904370
71999904371
71999904372
71999904373
71999904374
71999904375
71999904376
71999904377
71999904378
71999904379
71999904380
71999904381
71999904382
71999904383
71999904384
71999904385
71999904386
71999904387
71999904388
71999904389
71999904390
71999904391
71999904392
71999904393
71999904394
71999904395
71999904396
71999904397
71999904398
71999904399
