71999904400
71999904401
71999904402
71999904403
71999904404
71999904405
71999904406
71999904407
71999904408
71999904409
71999904410
71999904411
71999904412
71999904413
71999904414
71999904415
71999904416
71999904417
71999904418
71999904419
71999904420
71999904421
71999904422
71999904423
71999904424
71999904425
71999904426
71999904427
71999904428
71999904429
71999904430
71999904431
71999904432
71999904433
71999904434
71999904435
71999904436
71999904437
71999904438
71999904439
71999904440
71999904441
71999904442
71999904443
71999904444
71999904445
71999904446
71999904447
71999904448
71999904449
