71999904450
71999904451
71999904452
71999904453
71999904454
71999904455
71999904456
71999904457
71999904458
71999904459
71999904460
71999904461
71999904462
71999904463
71999904464
71999904465
71999904466
71999904467
71999904468
71999904469
71999904470
71999904471
71999904472
71999904473
71999904474
71999904475
71999904476
71999904477
71999904478
71999904479
71999904480
71999904481
71999904482
71999904483
71999904484
71999904485
71999904486
71999904487
71999904488
71999904489
71999904490
71999904491
71999904492
71999904493
71999904494
71999904495
71999904496
71999904497
71999904498
71999904499
