71999904500
71999904501
71999904502
71999904503
71999904504
71999904505
71999904506
71999904507
71999904508
71999904509
71999904510
71999904511
71999904512
71999904513
71999904514
71999904515
71999904516
71999904517
71999904518
71999904519
71999904520
71999904521
71999904522
71999904523
71999904524
71999904525
71999904526
71999904527
71999904528
71999904529
71999904530
71999904531
71999904532
71999904533
71999904534
71999904535
71999904536
71999904537
71999904538
71999904539
71999904540
71999904541
71999904542
71999904543
71999904544
71999904545
71999904546
71999904547
71999904548
71999904549
