71999904550
71999904551
71999904552
71999904553
71999904554
71999904555
71999904556
71999904557
71999904558
71999904559
71999904560
71999904561
71999904562
71999904563
71999904564
71999904565
71999904566
71999904567
71999904568
71999904569
71999904570
71999904571
71999904572
71999904573
71999904574
71999904575
71999904576
71999904577
71999904578
71999904579
71999904580
71999904581
71999904582
71999904583
71999904584
71999904585
71999904586
71999904587
71999904588
71999904589
71999904590
71999904591
71999904592
71999904593
71999904594
71999904595
71999904596
71999904597
71999904598
71999904599
