71999904600
71999904601
71999904602
71999904603
71999904604
71999904605
71999904606
71999904607
71999904608
71999904609
71999904610
71999904611
71999904612
71999904613
71999904614
71999904615
71999904616
71999904617
71999904618
71999904619
71999904620
71999904621
71999904622
71999904623
71999904624
71999904625
71999904626
71999904627
71999904628
71999904629
71999904630
71999904631
71999904632
71999904633
71999904634
71999904635
71999904636
71999904637
71999904638
71999904639
71999904640
71999904641
71999904642
71999904643
71999904644
71999904645
71999904646
71999904647
71999904648
71999904649
