71999904650
71999904651
71999904652
71999904653
71999904654
71999904655
71999904656
71999904657
71999904658
71999904659
71999904660
71999904661
71999904662
71999904663
71999904664
71999904665
71999904666
71999904667
71999904668
71999904669
71999904670
71999904671
71999904672
71999904673
71999904674
71999904675
71999904676
71999904677
71999904678
71999904679
71999904680
71999904681
71999904682
71999904683
71999904684
71999904685
71999904686
71999904687
71999904688
71999904689
71999904690
71999904691
71999904692
71999904693
71999904694
71999904695
71999904696
71999904697
71999904698
71999904699
