71999904700
71999904701
71999904702
71999904703
71999904704
71999904705
71999904706
71999904707
71999904708
71999904709
71999904710
71999904711
71999904712
71999904713
71999904714
71999904715
71999904716
71999904717
71999904718
71999904719
71999904720
71999904721
71999904722
71999904723
71999904724
71999904725
71999904726
71999904727
71999904728
71999904729
71999904730
71999904731
71999904732
71999904733
71999904734
71999904735
71999904736
71999904737
71999904738
71999904739
71999904740
71999904741
71999904742
71999904743
71999904744
71999904745
71999904746
71999904747
71999904748
71999904749
