71999904750
71999904751
71999904752
71999904753
71999904754
71999904755
71999904756
71999904757
71999904758
71999904759
71999904760
71999904761
71999904762
71999904763
71999904764
71999904765
71999904766
71999904767
71999904768
71999904769
71999904770
71999904771
71999904772
71999904773
71999904774
71999904775
71999904776
71999904777
71999904778
71999904779
71999904780
71999904781
71999904782
71999904783
71999904784
71999904785
71999904786
71999904787
71999904788
71999904789
71999904790
71999904791
71999904792
71999904793
71999904794
71999904795
71999904796
71999904797
71999904798
71999904799
