71999904800
71999904801
71999904802
71999904803
71999904804
71999904805
71999904806
71999904807
71999904808
71999904809
71999904810
71999904811
71999904812
71999904813
71999904814
71999904815
71999904816
71999904817
71999904818
71999904819
71999904820
71999904821
71999904822
71999904823
71999904824
71999904825
71999904826
71999904827
71999904828
71999904829
71999904830
71999904831
71999904832
71999904833
71999904834
71999904835
71999904836
71999904837
71999904838
71999904839
71999904840
71999904841
71999904842
71999904843
71999904844
71999904845
71999904846
71999904847
71999904848
71999904849
