71999904850
71999904851
71999904852
71999904853
71999904854
71999904855
71999904856
71999904857
71999904858
71999904859
71999904860
71999904861
71999904862
71999904863
71999904864
71999904865
71999904866
71999904867
71999904868
71999904869
71999904870
71999904871
71999904872
71999904873
71999904874
71999904875
71999904876
71999904877
71999904878
71999904879
71999904880
71999904881
71999904882
71999904883
71999904884
71999904885
71999904886
71999904887
71999904888
71999904889
71999904890
71999904891
71999904892
71999904893
71999904894
71999904895
71999904896
71999904897
71999904898
71999904899
