71999904900
71999904901
71999904902
71999904903
71999904904
71999904905
71999904906
71999904907
71999904908
71999904909
71999904910
71999904911
71999904912
71999904913
71999904914
71999904915
71999904916
71999904917
71999904918
71999904919
71999904920
71999904921
71999904922
71999904923
71999904924
71999904925
71999904926
71999904927
71999904928
71999904929
71999904930
71999904931
71999904932
71999904933
71999904934
71999904935
71999904936
71999904937
71999904938
71999904939
71999904940
71999904941
71999904942
71999904943
71999904944
71999904945
71999904946
71999904947
71999904948
71999904949
