71999904950
71999904951
71999904952
71999904953
71999904954
71999904955
71999904956
71999904957
71999904958
71999904959
71999904960
71999904961
71999904962
71999904963
71999904964
71999904965
71999904966
71999904967
71999904968
71999904969
71999904970
71999904971
71999904972
71999904973
71999904974
71999904975
71999904976
71999904977
71999904978
71999904979
71999904980
71999904981
71999904982
71999904983
71999904984
71999904985
71999904986
71999904987
71999904988
71999904989
71999904990
71999904991
71999904992
71999904993
71999904994
71999904995
71999904996
71999904997
71999904998
71999904999
